Starting /dee2/code/volunteer_pipeline.sh SRR12438080
    current disk space = 655117508
    free memory = 84763600 
SRR12438080 SRAfilesize
b4a43003613b232484814a2ec173cc1e  SRR12438080.sra
SRR12438080.sra file validated
SRR12438080 is paired end
SRR12438080 is conventional basespace
SRR12438080 read1 length is 5-101 nt
##FastQC	0.11.5
>>Basic Statistics	pass
#Measure	Value
Filename	SRR12438080_1.fastq
File type	Conventional base calls
Encoding	Sanger / Illumina 1.9
Total Sequences	4000
Sequences flagged as poor quality	0
Sequence length	5-101
%GC	48
>>END_MODULE
>>Per base sequence quality	pass
#Base	Mean	Median	Lower Quartile	Upper Quartile	10th Percentile	90th Percentile
1	32.5735	34.0	31.0	34.0	31.0	34.0
2	32.8665	34.0	33.0	34.0	31.0	34.0
3	32.8485	34.0	33.0	34.0	31.0	34.0
4	36.23825	37.0	37.0	37.0	35.0	37.0
5	36.22725	37.0	37.0	37.0	35.0	37.0
6	35.99473947895792	37.0	37.0	37.0	35.0	37.0
7	35.87703889585947	37.0	37.0	37.0	35.0	37.0
8	36.12902414486921	37.0	37.0	37.0	35.0	37.0
9	37.989404641775984	39.0	39.0	39.0	37.0	39.0
10-11	38.16121548273131	39.0	39.0	39.0	37.0	39.0
12-13	38.1740331052395	39.0	39.0	39.0	37.0	39.0
14-15	39.737005327783784	41.0	40.0	41.0	37.0	41.0
16-17	39.714760983902565	41.0	40.0	41.0	37.0	41.0
18-19	39.750397185522175	41.0	40.0	41.0	37.5	41.0
20-21	39.745086707977286	41.0	40.0	41.0	37.0	41.0
22-23	39.70924629976454	41.0	40.0	41.0	37.0	41.0
24-25	39.67185978491111	41.0	40.0	41.0	37.0	41.0
26-27	39.588425286065245	41.0	40.0	41.0	37.0	41.0
28-29	39.616234066986216	41.0	40.0	41.0	37.0	41.0
30-31	39.511183051928214	41.0	39.5	41.0	36.5	41.0
32-33	39.62760497485577	41.0	40.0	41.0	37.0	41.0
34-35	39.653342904799395	41.0	40.0	41.0	37.0	41.0
36-37	39.61888204776031	41.0	40.0	41.0	36.5	41.0
38-39	39.563197787397016	41.0	39.5	41.0	36.0	41.0
40-41	39.48567315950683	41.0	39.0	41.0	36.0	41.0
42-43	39.42739006683367	41.0	39.0	41.0	35.5	41.0
44-45	39.31274185146069	41.0	39.0	41.0	35.0	41.0
46-47	39.229738483265464	41.0	39.0	41.0	35.0	41.0
48-49	39.103258495252646	40.0	38.0	41.0	35.0	41.0
50-51	38.91873273656054	40.0	38.0	41.0	35.0	41.0
52-53	38.78525753411641	40.0	37.5	41.0	35.0	41.0
54-55	38.67447268107479	40.0	37.0	41.0	35.0	41.0
56-57	38.57151788745768	40.0	37.0	41.0	35.0	41.0
58-59	38.355624388892025	40.0	36.0	41.0	35.0	41.0
60-61	38.15730413305144	39.0	36.0	41.0	35.0	41.0
62-63	37.83119301599554	39.0	35.0	41.0	34.5	41.0
64-65	37.58098799170688	38.5	35.0	41.0	34.0	41.0
66-67	37.39833440473265	37.5	35.0	40.5	34.0	41.0
68-69	37.00618874432848	37.0	35.0	40.0	34.0	41.0
70-71	36.73573237703158	36.5	35.0	39.0	34.0	41.0
72-73	36.332437836728474	36.0	35.0	39.0	34.0	41.0
74-75	36.097853894792046	35.5	35.0	38.5	33.5	40.5
76-77	34.67205297366616	34.5	33.5	36.5	31.0	39.0
78-79	35.52582026317511	35.0	35.0	37.0	33.0	39.0
80-81	35.465677503299716	35.0	35.0	36.5	33.5	39.0
82-83	35.27113787007365	35.0	35.0	36.0	34.0	38.0
84-85	35.092722953889194	35.0	35.0	36.0	33.0	37.0
86-87	34.849698629487364	35.0	35.0	35.5	33.0	37.0
88-89	34.6596723042539	35.0	35.0	35.0	33.0	36.5
90-91	34.565270455223455	35.0	35.0	35.0	33.0	36.0
92-93	34.446862031197426	35.0	35.0	35.0	33.0	36.0
94-95	34.47253590825434	35.0	35.0	35.0	33.0	36.0
96-97	34.30281368960159	35.0	34.0	35.0	32.5	36.0
98-99	34.34908833349088	35.0	34.0	35.0	33.0	35.5
100-101	33.70979436164343	34.5	33.5	35.0	31.0	35.5
>>END_MODULE
>>Per tile sequence quality	pass
#Tile	Base	Mean
2	1	0.0
2	2	0.0
2	3	0.0
2	4	0.0
2	5	0.0
2	6	0.0
2	7	0.0
2	8	0.0
2	9	0.0
2	10-11	0.0
2	12-13	0.0
2	14-15	0.0
2	16-17	0.0
2	18-19	0.0
2	20-21	0.0
2	22-23	0.0
2	24-25	0.0
2	26-27	0.0
2	28-29	0.0
2	30-31	0.0
2	32-33	0.0
2	34-35	0.0
2	36-37	0.0
2	38-39	0.0
2	40-41	0.0
2	42-43	0.0
2	44-45	0.0
2	46-47	0.0
2	48-49	0.0
2	50-51	0.0
2	52-53	0.0
2	54-55	0.0
2	56-57	0.0
2	58-59	0.0
2	60-61	0.0
2	62-63	0.0
2	64-65	0.0
2	66-67	0.0
2	68-69	0.0
2	70-71	0.0
2	72-73	0.0
2	74-75	0.0
2	76-77	0.0
2	78-79	0.0
2	80-81	0.0
2	82-83	0.0
2	84-85	0.0
2	86-87	0.0
2	88-89	0.0
2	90-91	0.0
2	92-93	0.0
2	94-95	0.0
2	96-97	0.0
2	98-99	0.0
2	100-101	0.0
>>END_MODULE
>>Per sequence quality scores	pass
#Quality	Count
16	1.0
17	1.0
18	3.0
19	4.0
20	5.0
21	3.0
22	5.0
23	2.0
24	14.0
25	10.0
26	13.0
27	11.0
28	18.0
29	55.0
30	17.0
31	46.0
32	67.0
33	77.0
34	145.0
35	243.0
36	443.0
37	946.0
38	1320.0
39	547.0
40	4.0
>>END_MODULE
>>Per base sequence content	fail
#Base	G	A	T	C
1	26.650000000000002	15.0	10.7	47.65
2	18.625	21.975	41.425	17.974999999999998
3	23.275000000000002	24.325	28.125	24.275
4	24.575	33.725	19.7	22.0
5	26.224999999999998	33.875	20.424999999999997	19.475
6	19.38877755511022	34.3186372745491	22.044088176352705	24.248496993987974
7	17.892095357590968	14.805520702634881	43.061480552070265	24.24090338770389
8	18.91348088531187	18.81287726358149	28.495975855130784	33.77766599597585
9	19.60141271442987	18.819374369323917	30.625630676084764	30.953582240161452
10-11	25.14597613607514	30.55343995938055	20.055851739020056	24.244732165524244
12-13	21.39588100686499	23.277396389524537	29.443173150266972	25.8835494533435
14-15	22.961264016309887	24.592252803261978	28.172782874617734	24.273700305810397
16-17	24.15730337078652	25.97037793667007	25.280898876404496	24.591419816138917
18-19	24.52661207778915	24.590583418628455	25.255885363357216	25.62691914022518
20-21	23.34914732658033	25.52891396332863	25.413514553147838	25.7084241569432
22-23	25.080303224977513	24.823332905049465	25.46575870486959	24.630605165103432
24-25	25.070858026281883	25.895387786652925	24.980675083741303	24.053079103323885
26-27	23.35189742261365	26.30488278720373	26.18831757544359	24.154902214739025
28-29	24.82112657733836	24.964225315467672	25.757772863275658	24.4568752439183
30-31	23.405645582854156	26.4636696288552	25.117616309461578	25.013068478829066
32-33	24.636351723234178	25.34399161315686	25.226051631503076	24.793605032105884
34-35	25.64742999868542	26.331010911003023	24.017352438543448	24.004206651768108
36-37	23.517005009227525	26.14025837068284	25.520696018982335	24.822040601107304
38-39	23.9555790586991	24.669487043892122	26.692226335272345	24.682707562136436
40-41	24.668610816542948	25.06627783669141	25.7423117709438	24.522799575821846
42-43	22.89284764690242	25.378888593459187	26.203137463440573	25.52512629619782
44-45	23.869246164109406	24.28285523682455	26.697798532354906	25.15010006671114
46-47	24.220109787120098	25.692863837193734	25.31798098808408	24.76904538760209
48-49	24.680736658152977	26.06533136174217	24.774835327328944	24.47909665277591
50-51	23.740231743465372	26.205874427378067	25.828617623282135	24.225276205874426
52-53	23.592927520583075	25.361047374814415	25.927925496018357	25.118099608584153
54-55	22.99675148890092	26.367081754195993	26.204656199242017	24.43151055766107
56-57	24.78296256104178	24.945740640260443	26.329354313619096	23.941942485078677
58-59	24.429037520391518	25.0815660685155	26.182707993474715	24.306688417618272
60-61	23.634382236752487	26.208963356490937	25.60958997411797	24.547064432638603
62-63	24.039381922603585	26.15889511828251	25.119649938465745	24.68207302064816
64-65	23.990141037929618	25.55114336574011	25.82500342325072	24.633712173079555
66-67	24.395272127542604	25.577240241891147	25.824628916987358	24.20285871357889
68-69	24.369747899159663	25.526932084309134	25.967764154842264	24.135555861688935
70-71	24.392935982339957	25.620860927152318	26.007174392935983	23.979028697571746
72-73	24.536909040641415	25.68426873099254	25.476914570085707	24.301907658280342
74-75	24.186626055655545	25.86183026443306	25.72338363560847	24.22816004430292
76-77	24.64993761264384	24.816303895743797	26.674060723693334	23.859697767919037
78-79	24.097723486951693	25.860632981676844	25.902276513048307	24.139367018323156
80-81	23.890357590093224	25.64352302768888	26.7983859746765	23.667733407541395
82-83	23.867280078070543	25.707514289697475	26.0002788233654	24.424926808866584
84-85	24.24877707896576	25.772187281621246	25.64640111809923	24.332634521313768
86-87	24.571267922406523	25.34439134101771	25.892606128760193	24.191734607815572
88-89	24.15547703180212	26.431095406360424	25.399293286219084	24.014134275618375
90-91	24.151696606786427	25.4205873966353	26.461362988309094	23.966353008269177
92-93	23.307178145887825	25.457715780296425	26.474861958732927	24.760244115082823
94-95	23.9738522347218	23.50258437214959	27.409546974764364	25.114016418364244
96-97	23.34889926617745	22.31487658438959	28.018679119412944	26.31754503002001
98-99	21.320093457943926	16.374610591900314	33.97585669781931	28.329439252336446
100-101	10.2803738317757	4.205607476635514	46.54205607476635	38.97196261682243
>>END_MODULE
>>Per sequence GC content	fail
#GC Content	Count
0	4.0
1	4.0
2	3.5
3	3.0
4	2.5
5	1.5
6	2.0
7	3.0
8	3.0
9	3.5
10	4.5
11	5.5
12	6.0
13	6.0
14	6.5
15	7.0
16	6.5
17	6.0
18	8.0
19	10.0
20	9.5
21	9.5
22	13.5
23	16.0
24	21.5
25	31.0
26	34.5
27	42.5
28	50.0
29	54.5
30	61.5
31	71.0
32	87.0
33	93.5
34	95.0
35	98.5
36	105.5
37	116.5
38	125.5
39	128.0
40	128.5
41	143.5
42	140.0
43	138.5
44	150.5
45	142.0
46	133.5
47	132.5
48	146.0
49	150.5
50	144.0
51	139.5
52	133.5
53	135.5
54	141.0
55	144.5
56	147.5
57	147.0
58	136.5
59	130.5
60	126.0
61	118.5
62	113.5
63	104.0
64	96.5
65	91.0
66	82.0
67	72.5
68	67.0
69	58.0
70	47.5
71	45.5
72	39.0
73	33.0
74	31.5
75	27.0
76	24.0
77	25.0
78	23.5
79	19.5
80	16.5
81	16.5
82	14.0
83	8.0
84	6.0
85	5.5
86	4.5
87	4.5
88	4.5
89	4.0
90	3.5
91	3.0
92	2.5
93	1.5
94	1.0
95	1.0
96	1.0
97	1.0
98	1.0
99	1.0
100	1.0
>>END_MODULE
>>Per base N content	pass
#Base	N-Count
1	0.0
2	0.0
3	0.0
4	0.0
5	0.0
6	0.0
7	0.0
8	0.0
9	0.0
10-11	0.0
12-13	0.0
14-15	0.0
16-17	0.0
18-19	0.0
20-21	0.0
22-23	0.0
24-25	0.0
26-27	0.0
28-29	0.0
30-31	0.0
32-33	0.0
34-35	0.0
36-37	0.0
38-39	0.0
40-41	0.0
42-43	0.0
44-45	0.0
46-47	0.0
48-49	0.0
50-51	0.0
52-53	0.0
54-55	0.0
56-57	0.0
58-59	0.0
60-61	0.0
62-63	0.0
64-65	0.0
66-67	0.0
68-69	0.0
70-71	0.0
72-73	0.0
74-75	0.0
76-77	0.0
78-79	0.0
80-81	0.0
82-83	0.0
84-85	0.0
86-87	0.0
88-89	0.0
90-91	0.0
92-93	0.0
94-95	0.0
96-97	0.0
98-99	0.0
100-101	0.0
>>END_MODULE
>>Sequence Length Distribution	warn
#Length	Count
4-5	8.0
6-7	16.0
8-9	34.0
10-11	8.0
12-13	8.0
14-15	9.0
16-17	7.0
18-19	9.0
20-21	7.0
22-23	9.0
24-25	18.0
26-27	19.0
28-29	19.0
30-31	8.0
32-33	16.0
34-35	9.0
36-37	11.0
38-39	11.0
40-41	11.0
42-43	12.0
44-45	15.0
46-47	13.0
48-49	10.0
50-51	5.0
52-53	12.0
54-55	7.0
56-57	10.0
58-59	6.0
60-61	13.0
62-63	8.0
64-65	10.0
66-67	12.0
68-69	4.0
70-71	7.0
72-73	6.0
74-75	5.0
76-77	5.0
78-79	7.0
80-81	8.0
82-83	5.0
84-85	19.0
86-87	20.0
88-89	27.0
90-91	53.0
92-93	117.0
94-95	265.0
96-97	355.0
98-99	811.0
100-101	1916.0
>>END_MODULE
>>Sequence Duplication Levels	pass
#Total Deduplicated Percentage	99.7
#Duplication Level	Percentage of deduplicated	Percentage of total
1	99.69909729187563	99.4
2	0.3009027081243731	0.6
3	0.0	0.0
4	0.0	0.0
5	0.0	0.0
6	0.0	0.0
7	0.0	0.0
8	0.0	0.0
9	0.0	0.0
>10	0.0	0.0
>50	0.0	0.0
>100	0.0	0.0
>500	0.0	0.0
>1k	0.0	0.0
>5k	0.0	0.0
>10k+	0.0	0.0
>>END_MODULE
>>Overrepresented sequences	pass
>>END_MODULE
>>Adapter Content	pass
#Position	Illumina Universal Adapter	Illumina Small RNA 3' Adapter	Illumina Small RNA 5' Adapter	Nextera Transposase Sequence	SOLID Small RNA Adapter
1	0.0	0.0	0.0	0.0	0.0
2	0.0	0.0	0.0	0.0	0.0
3	0.0	0.0	0.0	0.0	0.0
4	0.0	0.0	0.0	0.0	0.0
5	0.0	0.0	0.0	0.0	0.0
6	0.0	0.0	0.0	0.0	0.0
7	0.0	0.0	0.0	0.0	0.0
8	0.0	0.0	0.0	0.0	0.0
9	0.0	0.0	0.0	0.0	0.0
10-11	0.0	0.0	0.0	0.0	0.0
12-13	0.0	0.0	0.0	0.0	0.0
14-15	0.0	0.0	0.0	0.0	0.0
16-17	0.0	0.0	0.0	0.0	0.0
18-19	0.0	0.0	0.0	0.0	0.0
20-21	0.0	0.0	0.0	0.0	0.0
22-23	0.0	0.0	0.0	0.0	0.0
24-25	0.0	0.0	0.0	0.0	0.0
26-27	0.0	0.0	0.0	0.0	0.0
28-29	0.0	0.0	0.0	0.0	0.0
30-31	0.0	0.0	0.0	0.0	0.0
32-33	0.0	0.0	0.0	0.0	0.0
34-35	0.0	0.0	0.0	0.0	0.0
36-37	0.0	0.0	0.0	0.0	0.0
38-39	0.0	0.0	0.0	0.0	0.0
40-41	0.0	0.0	0.0	0.0	0.0
42-43	0.0	0.0	0.0	0.0	0.0
44-45	0.0	0.0	0.0	0.0	0.0
46-47	0.0	0.0	0.0	0.0	0.0
48-49	0.0	0.0	0.0	0.0	0.0
50-51	0.0	0.0	0.0	0.0	0.0
52-53	0.0	0.0	0.0	0.0	0.0
54-55	0.0	0.0	0.0	0.0	0.0
56-57	0.0	0.0	0.0	0.0	0.0
58-59	0.0	0.0	0.0	0.0	0.0
60-61	0.0	0.0	0.0	0.0	0.0
62-63	0.0	0.0	0.0	0.0	0.0
64-65	0.0	0.0	0.0	0.0	0.0
66-67	0.0	0.0	0.0	0.0	0.0
68-69	0.0	0.0	0.0	0.0	0.0
70-71	0.0	0.0	0.0	0.0	0.0
72-73	0.0	0.0	0.0	0.0	0.0
74-75	0.0	0.0	0.0	0.0	0.0
76-77	0.0	0.0	0.0	0.0	0.0
78-79	0.0	0.0	0.0	0.0	0.0
80-81	0.0	0.0	0.0	0.0	0.0
82-83	0.0	0.0	0.0	0.0	0.0
84-85	0.0	0.0	0.0	0.0	0.0
86-87	0.0	0.0	0.0	0.0	0.0
88-89	0.0	0.0	0.0	0.0	0.0
>>END_MODULE
>>Kmer Content	pass
>>END_MODULE
SRR12438080 read2 length is 5-101 nt
##FastQC	0.11.5
>>Basic Statistics	pass
#Measure	Value
Filename	SRR12438080_2.fastq
File type	Conventional base calls
Encoding	Sanger / Illumina 1.9
Total Sequences	4000
Sequences flagged as poor quality	0
Sequence length	5-101
%GC	48
>>END_MODULE
>>Per base sequence quality	pass
#Base	Mean	Median	Lower Quartile	Upper Quartile	10th Percentile	90th Percentile
1	32.72275	34.0	31.0	34.0	31.0	34.0
2	32.88325	34.0	33.0	34.0	31.0	34.0
3	32.818	34.0	33.0	34.0	31.0	34.0
4	36.30275	37.0	37.0	37.0	35.0	37.0
5	36.31225	37.0	37.0	37.0	35.0	37.0
6	36.352426213106554	37.0	37.0	37.0	35.0	37.0
7	36.29561952440551	37.0	37.0	37.0	35.0	37.0
8	36.32331580265465	37.0	37.0	37.0	35.0	37.0
9	37.86523046092184	39.0	39.0	39.0	35.0	39.0
10-11	38.100068710043615	39.0	39.0	39.0	37.0	39.0
12-13	38.118246551924656	39.0	39.0	39.0	37.0	39.0
14-15	39.66006914570051	41.0	40.0	41.0	37.5	41.0
16-17	39.780185428043765	41.0	40.0	41.0	38.0	41.0
18-19	39.77072098138485	41.0	40.0	41.0	38.0	41.0
20-21	39.72205226166794	41.0	40.0	41.0	38.0	41.0
22-23	39.653882511266175	41.0	40.0	41.0	37.0	41.0
24-25	39.65053098860953	41.0	40.0	41.0	37.0	41.0
26-27	39.640998257367265	41.0	40.0	41.0	37.0	41.0
28-29	39.55740430438375	41.0	39.5	41.0	37.0	41.0
30-31	39.4856116510135	41.0	40.0	41.0	36.5	41.0
32-33	39.32947335365904	41.0	39.0	41.0	36.0	41.0
34-35	39.28057882111196	40.5	39.0	41.0	36.0	41.0
36-37	39.24665573313386	40.0	39.0	41.0	35.5	41.0
38-39	39.43073572761713	41.0	39.0	41.0	36.0	41.0
40-41	39.38875800944159	41.0	39.0	41.0	36.0	41.0
42-43	39.184327316385364	40.5	38.5	41.0	35.0	41.0
44-45	39.08241755070067	40.0	38.5	41.0	35.0	41.0
46-47	38.94734107328394	40.0	38.0	41.0	35.0	41.0
48-49	38.93802368152616	40.0	38.0	41.0	35.0	41.0
50-51	37.80565894769086	39.0	36.5	40.0	33.5	40.5
52-53	37.8887535724222	39.0	37.0	40.0	33.5	40.5
54-55	38.40047337655613	40.0	37.0	41.0	34.0	41.0
56-57	38.399960553596244	40.0	37.0	41.0	35.0	41.0
58-59	38.17735684131083	39.5	36.0	41.0	34.0	41.0
60-61	37.87220613623133	39.0	35.5	41.0	34.0	41.0
62-63	37.81086658809484	39.0	35.0	41.0	34.0	41.0
64-65	37.71712874977422	39.0	35.0	41.0	34.0	41.0
66-67	37.49319586533876	37.5	35.0	41.0	34.0	41.0
68-69	37.24984876888348	37.0	35.0	40.5	34.0	41.0
70-71	36.8100088215009	36.5	35.0	39.5	34.0	41.0
72-73	36.454659200639945	36.0	35.0	39.0	33.0	41.0
74-75	36.03728219478954	35.5	35.0	39.0	33.0	41.0
76-77	35.799067701975254	35.0	35.0	37.0	33.0	40.0
78-79	35.577341795700804	35.0	35.0	37.0	33.0	39.0
80-81	35.35834642318093	35.0	35.0	36.5	33.0	39.0
82-83	35.05107731885384	35.0	35.0	36.0	33.0	38.0
84-85	34.92864668132162	35.0	35.0	36.0	33.0	37.0
86-87	34.71955545311507	35.0	35.0	35.5	33.0	37.0
88-89	34.48305191803463	35.0	34.5	35.0	32.5	36.0
90-91	34.35144204993372	35.0	34.0	35.0	32.0	36.0
92-93	34.378464366394226	35.0	34.0	35.0	33.0	36.0
94-95	34.18513041567765	35.0	34.0	35.0	32.0	36.0
96-97	34.12596560413623	35.0	34.0	35.0	32.0	36.0
98-99	34.06001080181541	35.0	34.0	35.0	31.5	35.0
100-101	33.38731351127816	34.5	33.0	35.0	30.0	35.0
>>END_MODULE
>>Per tile sequence quality	pass
#Tile	Base	Mean
2	1	0.0
2	2	0.0
2	3	0.0
2	4	0.0
2	5	0.0
2	6	0.0
2	7	0.0
2	8	0.0
2	9	0.0
2	10-11	0.0
2	12-13	0.0
2	14-15	0.0
2	16-17	0.0
2	18-19	0.0
2	20-21	0.0
2	22-23	0.0
2	24-25	0.0
2	26-27	0.0
2	28-29	0.0
2	30-31	0.0
2	32-33	0.0
2	34-35	0.0
2	36-37	0.0
2	38-39	0.0
2	40-41	0.0
2	42-43	0.0
2	44-45	0.0
2	46-47	0.0
2	48-49	0.0
2	50-51	0.0
2	52-53	0.0
2	54-55	0.0
2	56-57	0.0
2	58-59	0.0
2	60-61	0.0
2	62-63	0.0
2	64-65	0.0
2	66-67	0.0
2	68-69	0.0
2	70-71	0.0
2	72-73	0.0
2	74-75	0.0
2	76-77	0.0
2	78-79	0.0
2	80-81	0.0
2	82-83	0.0
2	84-85	0.0
2	86-87	0.0
2	88-89	0.0
2	90-91	0.0
2	92-93	0.0
2	94-95	0.0
2	96-97	0.0
2	98-99	0.0
2	100-101	0.0
>>END_MODULE
>>Per sequence quality scores	pass
#Quality	Count
14	1.0
15	0.0
16	0.0
17	0.0
18	2.0
19	1.0
20	2.0
21	6.0
22	4.0
23	10.0
24	7.0
25	7.0
26	13.0
27	13.0
28	9.0
29	10.0
30	35.0
31	41.0
32	60.0
33	110.0
34	172.0
35	250.0
36	520.0
37	1018.0
38	1215.0
39	480.0
40	14.0
>>END_MODULE
>>Per base sequence content	fail
#Base	G	A	T	C
1	26.025	14.299999999999999	11.4	48.275
2	19.725	21.2	41.949999999999996	17.125
3	23.95	24.15	26.150000000000002	25.75
4	23.95	33.1	19.975	22.975
5	25.4	32.65	21.775	20.175
6	19.759879939969984	34.017008504252125	22.011005502751377	24.212106053026513
7	16.971214017521902	13.867334167709636	42.95369211514393	26.207759699624532
8	20.110192837465565	18.8580015026296	27.07237665915352	33.959429000751314
9	22.11923847695391	19.238476953907817	29.93486973947896	28.707414829659317
10-11	25.61755485893417	30.858934169278996	19.836990595611283	23.686520376175547
12-13	22.382626161185037	22.4328395681647	29.638463469746423	25.54607080090384
14-15	22.789586215570367	23.66997861904163	28.134825808074453	25.405609357313548
16-17	24.111866969009828	24.514991181657848	26.56840513983371	24.804736709498616
18-19	24.201892744479494	24.958990536277604	25.753943217665615	25.085173501577284
20-21	23.73973468098547	26.10233733417562	25.407454200884395	24.750473783954515
22-23	23.847517730496453	25.6838905775076	25.886524822695034	24.58206686930091
24-25	24.428934010152282	25.203045685279186	26.14213197969543	24.225888324873097
26-27	23.751910341314314	24.77075904228222	26.974019358125318	24.503311258278146
28-29	25.099041533546323	25.916932907348244	25.290734824281152	23.69329073482428
30-31	24.313574544521426	25.314344367462148	25.34000513215294	25.032075955863487
32-33	24.155710234596544	26.024748646558393	25.638051044083525	24.181490074761534
34-35	24.951443739479476	25.40463550433769	25.171565453839186	24.472355302343647
36-37	24.043715846994534	26.346604215456676	25.33177205308353	24.27790788446526
38-39	23.92983374787276	26.155255923550204	25.736352925775623	24.178557402801417
40-41	24.437721951861107	24.59555438642641	26.581612521373145	24.385111140339337
42-43	23.89696169088507	25.033025099075296	26.27476882430647	24.795244385733156
44-45	24.807641284160255	25.709737330856992	25.470947200849032	24.01167418413372
46-47	23.997869223598347	26.514848848049006	25.263017712078838	24.224264216273806
48-49	23.80697767678118	25.344205320144365	26.052666755781313	24.79615024729314
50-51	23.782696177062373	25.378940308517773	26.492287055667337	24.346076458752517
52-53	24.509276687281528	26.136058080129065	25.31594514654477	24.038720086044634
54-55	23.694508163540682	25.610578869248414	26.70354877884226	23.991364188368642
56-57	24.61788178006222	24.563776545380765	26.011091573109695	24.807250101447316
58-59	24.949097325912856	25.763540111307183	25.492059182842404	23.79530337993756
60-61	24.343090537780803	25.377808032675294	26.643975493533016	23.635125936010894
62-63	24.68596395412343	25.88749317312944	25.42326597487712	24.003276897870016
64-65	24.46604600219058	25.972070098576122	24.931544359255202	24.630339539978095
66-67	23.754631535611363	26.169891587759025	26.032660902977906	24.042815973651706
68-69	24.3573883161512	26.130584192439866	25.044673539518904	24.467353951890033
70-71	24.80716253443526	25.19283746556474	25.564738292011018	24.435261707988982
72-73	24.441070935688654	26.483577146011594	25.158708252829147	23.916643665470605
74-75	24.854368932038835	26.296809986130377	25.381414701803052	23.46740638002774
76-77	24.11871255399192	26.361989689285213	26.083321722168034	23.435976034554827
78-79	23.13182199832074	25.888609012034703	26.532325776658272	24.447243212986287
80-81	24.108896996912716	25.96126859388156	25.385910749368513	24.543923659837215
82-83	23.802142051860205	25.98647125140924	25.944193912063135	24.26719278466742
84-85	24.575070821529746	24.688385269121813	25.835694050991503	24.900849858356942
86-87	24.19791815200342	25.937544560102666	25.937544560102666	23.926992727791244
88-89	24.101753377407302	26.93302673181949	25.22276516240299	23.74245472837022
90-91	24.44637429439861	25.401650021710815	26.29903025039803	23.852945433492543
92-93	24.222873900293255	25.131964809384165	26.407624633431087	24.237536656891496
94-95	23.471223021582734	24.835131894484412	26.51378896882494	25.179856115107913
96-97	24.325172630257377	23.179535467671062	26.851851851851855	25.643440050219713
98-99	24.8613212304589	20.591696083375357	28.273659438561104	26.27332324760464
100-101	26.319135410044503	7.459207459207459	34.88027124390761	31.341385886840435
>>END_MODULE
>>Per sequence GC content	warn
#GC Content	Count
0	0.0
1	0.0
2	0.5
3	1.0
4	1.0
5	1.0
6	1.0
7	1.0
8	1.0
9	1.0
10	1.0
11	1.0
12	1.0
13	1.0
14	2.0
15	3.0
16	3.0
17	3.5
18	4.0
19	4.5
20	5.0
21	5.5
22	9.5
23	14.5
24	15.0
25	18.0
26	26.5
27	34.0
28	37.5
29	43.5
30	51.0
31	63.5
32	65.5
33	61.0
34	72.0
35	84.0
36	94.0
37	100.0
38	99.5
39	106.5
40	131.5
41	131.5
42	119.5
43	120.5
44	124.5
45	144.5
46	147.0
47	137.5
48	137.5
49	132.0
50	135.5
51	138.0
52	136.5
53	137.0
54	133.0
55	133.0
56	126.5
57	111.5
58	105.5
59	127.0
60	128.0
61	114.0
62	106.5
63	97.0
64	96.5
65	82.5
66	67.0
67	58.0
68	60.5
69	59.5
70	47.5
71	41.0
72	36.0
73	30.5
74	24.0
75	20.5
76	21.0
77	20.0
78	20.5
79	20.5
80	13.5
81	8.0
82	5.0
83	4.0
84	5.0
85	5.5
86	6.0
87	6.0
88	5.5
89	4.5
90	5.5
91	7.0
92	6.0
93	5.5
94	5.0
95	3.5
96	3.5
97	4.0
98	4.0
99	3.5
100	3.0
>>END_MODULE
>>Per base N content	pass
#Base	N-Count
1	0.0
2	0.0
3	0.0
4	0.0
5	0.0
6	0.0
7	0.0
8	0.0
9	0.0
10-11	0.0
12-13	0.0
14-15	0.0
16-17	0.0
18-19	0.0
20-21	0.0
22-23	0.0
24-25	0.0
26-27	0.0
28-29	0.0
30-31	0.0
32-33	0.0
34-35	0.0
36-37	0.0
38-39	0.0
40-41	0.0
42-43	0.0
44-45	0.0
46-47	0.0
48-49	0.0
50-51	0.0
52-53	0.0
54-55	0.0
56-57	0.0
58-59	0.0
60-61	0.0
62-63	0.0
64-65	0.0
66-67	0.0
68-69	0.0
70-71	0.0
72-73	0.0
74-75	0.0
76-77	0.0
78-79	0.0
80-81	0.0
82-83	0.0
84-85	0.0
86-87	0.0
88-89	0.0
90-91	0.0
92-93	0.0
94-95	0.0
96-97	0.0
98-99	0.0
100-101	0.0
>>END_MODULE
>>Sequence Length Distribution	warn
#Length	Count
4-5	2.0
6-7	5.0
8-9	3.0
10-11	5.0
12-13	8.0
14-15	6.0
16-17	7.0
18-19	5.0
20-21	10.0
22-23	6.0
24-25	13.0
26-27	15.0
28-29	14.0
30-31	18.0
32-33	18.0
34-35	18.0
36-37	20.0
38-39	21.0
40-41	16.0
42-43	16.0
44-45	12.0
46-47	18.0
48-49	13.0
50-51	9.0
52-53	13.0
54-55	11.0
56-57	11.0
58-59	10.0
60-61	12.0
62-63	12.0
64-65	8.0
66-67	6.0
68-69	7.0
70-71	7.0
72-73	17.0
74-75	16.0
76-77	17.0
78-79	8.0
80-81	15.0
82-83	16.0
84-85	22.0
86-87	29.0
88-89	22.0
90-91	41.0
92-93	65.0
94-95	108.0
96-97	206.0
98-99	422.0
100-101	2621.0
>>END_MODULE
>>Sequence Duplication Levels	pass
#Total Deduplicated Percentage	99.675
#Duplication Level	Percentage of deduplicated	Percentage of total
1	99.67394030599448	99.35000000000001
2	0.32605969400551793	0.65
3	0.0	0.0
4	0.0	0.0
5	0.0	0.0
6	0.0	0.0
7	0.0	0.0
8	0.0	0.0
9	0.0	0.0
>10	0.0	0.0
>50	0.0	0.0
>100	0.0	0.0
>500	0.0	0.0
>1k	0.0	0.0
>5k	0.0	0.0
>10k+	0.0	0.0
>>END_MODULE
>>Overrepresented sequences	pass
>>END_MODULE
>>Adapter Content	pass
#Position	Illumina Universal Adapter	Illumina Small RNA 3' Adapter	Illumina Small RNA 5' Adapter	Nextera Transposase Sequence	SOLID Small RNA Adapter
1	0.0	0.0	0.0	0.0	0.0
2	0.0	0.0	0.0	0.0	0.0
3	0.0	0.0	0.0	0.0	0.0
4	0.0	0.0	0.0	0.0	0.0
5	0.0	0.0	0.0	0.0	0.0
6	0.0	0.0	0.0	0.0	0.0
7	0.0	0.0	0.0	0.0	0.0
8	0.0	0.0	0.0	0.0	0.0
9	0.0	0.0	0.0	0.0	0.0
10-11	0.0	0.0	0.0	0.0	0.0
12-13	0.0	0.0	0.0	0.0	0.0
14-15	0.0	0.0	0.0	0.0	0.0
16-17	0.0	0.0	0.0	0.0	0.0
18-19	0.0	0.0	0.0	0.0	0.0
20-21	0.0	0.0	0.0	0.0	0.0
22-23	0.0	0.0	0.0	0.0	0.0
24-25	0.0	0.0	0.0	0.0	0.0
26-27	0.0	0.0	0.0	0.0	0.0
28-29	0.0	0.0	0.0	0.0	0.0
30-31	0.0	0.0	0.0	0.0	0.0
32-33	0.0	0.0	0.0	0.0	0.0
34-35	0.0	0.0	0.0	0.0	0.0
36-37	0.0	0.0	0.0	0.0	0.0
38-39	0.0	0.0	0.0	0.0	0.0
40-41	0.0	0.0	0.0	0.0	0.0
42-43	0.0	0.0	0.0	0.0	0.0
44-45	0.0	0.0	0.0	0.0	0.0
46-47	0.0	0.0	0.0	0.0	0.0
48-49	0.0	0.0	0.0	0.0	0.0
50-51	0.0	0.0	0.0	0.0	0.0
52-53	0.0	0.0	0.0	0.0	0.0
54-55	0.0	0.0	0.0	0.0	0.0
56-57	0.0	0.0	0.0	0.0	0.0
58-59	0.0	0.0	0.0	0.0	0.0
60-61	0.0	0.0	0.0	0.0	0.0
62-63	0.0	0.0	0.0	0.0	0.0
64-65	0.0	0.0	0.0	0.0	0.0
66-67	0.0	0.0	0.0	0.0	0.0
68-69	0.0	0.0	0.0	0.0	0.0
70-71	0.0	0.0	0.0	0.0	0.0
72-73	0.0	0.0	0.0	0.0	0.0
74-75	0.0	0.0	0.0	0.0	0.0
76-77	0.0	0.0	0.0	0.0	0.0
78-79	0.0	0.0	0.0	0.0	0.0
80-81	0.0	0.0	0.0	0.0	0.0
82-83	0.0	0.0	0.0	0.0	0.0
84-85	0.0	0.0	0.0	0.0	0.0
86-87	0.0	0.0	0.0	0.0	0.0
88-89	0.0	0.0	0.0	0.0	0.0
>>END_MODULE
>>Kmer Content	pass
>>END_MODULE
Read 1951989 spots for SRR12438080.sra
Written 1951989 spots for SRR12438080.sra
Read 1951989 spots for SRR12438080.sra
Written 1951989 spots for SRR12438080.sra
Read 1951989 spots for SRR12438080.sra
Written 1951989 spots for SRR12438080.sra
Read 1951989 spots for SRR12438080.sra
Written 1951989 spots for SRR12438080.sra
Read 1951989 spots for SRR12438080.sra
Written 1951989 spots for SRR12438080.sra
Read 1951989 spots for SRR12438080.sra
Written 1951989 spots for SRR12438080.sra
Read 1951989 spots for SRR12438080.sra
Written 1951989 spots for SRR12438080.sra
Read 1951989 spots for SRR12438080.sra
Written 1951989 spots for SRR12438080.sra
Read 1951989 spots for SRR12438080.sra
Written 1951989 spots for SRR12438080.sra
Read 1952007 spots for SRR12438080.sra
Written 1952007 spots for SRR12438080.sra
Read 1951989 spots for SRR12438080.sra
Written 1951989 spots for SRR12438080.sra
Read 1951989 spots for SRR12438080.sra
Written 1951989 spots for SRR12438080.sra
Read 1951989 spots for SRR12438080.sra
Written 1951989 spots for SRR12438080.sra
Read 1951989 spots for SRR12438080.sra
Written 1951989 spots for SRR12438080.sra
Read 1951989 spots for SRR12438080.sra
Written 1951989 spots for SRR12438080.sra
Read 1951989 spots for SRR12438080.sra
Written 1951989 spots for SRR12438080.sra
Read 1951989 spots for SRR12438080.sra
Written 1951989 spots for SRR12438080.sra
Read 1951989 spots for SRR12438080.sra
Written 1951989 spots for SRR12438080.sra
Read 1951989 spots for SRR12438080.sra
Written 1951989 spots for SRR12438080.sra
Read 1951989 spots for SRR12438080.sra
Written 1951989 spots for SRR12438080.sra
Read 1951989 spots for SRR12438080.sra
Written 1951989 spots for SRR12438080.sra
Read 1951989 spots for SRR12438080.sra
Written 1951989 spots for SRR12438080.sra
Read 1951989 spots for SRR12438080.sra
Written 1951989 spots for SRR12438080.sra
Read 1951989 spots for SRR12438080.sra
Written 1951989 spots for SRR12438080.sra
Read 1951989 spots for SRR12438080.sra
Written 1951989 spots for SRR12438080.sra
Read 1951989 spots for SRR12438080.sra
Written 1951989 spots for SRR12438080.sra
Read 1951989 spots for SRR12438080.sra
Written 1951989 spots for SRR12438080.sra
Read 1951989 spots for SRR12438080.sra
Written 1951989 spots for SRR12438080.sra
Read 1951989 spots for SRR12438080.sra
Written 1951989 spots for SRR12438080.sra
Read 1951989 spots for SRR12438080.sra
Written 1951989 spots for SRR12438080.sra
Read 1951989 spots for SRR12438080.sra
Written 1951989 spots for SRR12438080.sra
Read 1951989 spots for SRR12438080.sra
Written 1951989 spots for SRR12438080.sra
SRR ids: ['SRR12438080.sra']
extra args: ['--split-files', '--defline-qual', '+']
tempdir: /tmp/pfd_ivv88psg
SRR12438080.sra spots: 62463666
blocks: [[1, 1951989], [1951990, 3903978], [3903979, 5855967], [5855968, 7807956], [7807957, 9759945], [9759946, 11711934], [11711935, 13663923], [13663924, 15615912], [15615913, 17567901], [17567902, 19519890], [19519891, 21471879], [21471880, 23423868], [23423869, 25375857], [25375858, 27327846], [27327847, 29279835], [29279836, 31231824], [31231825, 33183813], [33183814, 35135802], [35135803, 37087791], [37087792, 39039780], [39039781, 40991769], [40991770, 42943758], [42943759, 44895747], [44895748, 46847736], [46847737, 48799725], [48799726, 50751714], [50751715, 52703703], [52703704, 54655692], [54655693, 56607681], [56607682, 58559670], [58559671, 60511659], [60511660, 62463666]]
SRR12438080 file size 15486136
SRR12438080 completed basic pipeline successfully
skewer v0.2.2 [April 4, 2016]
COMMAND LINE:	skewer -l 18 -q 10 -k inf -t 32 -o SRR12438080 SRR12438080_1.fastq SRR12438080_2.fastq
Input file:	SRR12438080_1.fastq
Paired file:	SRR12438080_2.fastq
trimmed:	SRR12438080-trimmed-pair1.fastq, SRR12438080-trimmed-pair2.fastq

Parameters used:
-- 3' end adapter sequence (-x):	AGATCGGAAGAGCACACGTCTGAACTCCAGTCAC
-- paired 3' end adapter sequence (-y):	AGATCGGAAGAGCGTCGTGTAGGGAAAGAGTGTA
-- maximum error ratio allowed (-r):	0.100
-- maximum indel error ratio allowed (-d):	0.030
-- end quality threshold (-q):		10
-- minimum read length allowed after trimming (-l):	18
-- file format (-f):		Sanger/Illumina 1.8+ FASTQ (auto detected)
-- number of concurrent threads (-t):	32
Sat Dec  5 02:26:58 2020 >> started

Sat Dec  5 02:45:28 2020 >> done (1109.870s)
62463666 read pairs processed; of these:
 1420707 ( 2.27%) short read pairs filtered out after trimming by size control
    1074 ( 0.00%) empty read pairs filtered out after trimming by size control
61041885 (97.72%) read pairs available; of these:
    6085 ( 0.01%) trimmed read pairs available after processing
61035800 (99.99%) untrimmed read pairs available after processing

Length distribution of reads after trimming:
length	count	percentage
 18	    3671	  0.01%
 19	    7764	  0.01%
 20	   12464	  0.02%
 21	   18327	  0.03%
 22	   25498	  0.04%
 23	   33943	  0.06%
 24	   42979	  0.07%
 25	   52819	  0.09%
 26	   61851	  0.10%
 27	   70208	  0.12%
 28	   77727	  0.13%
 29	   84289	  0.14%
 30	   88708	  0.15%
 31	   92502	  0.15%
 32	   95185	  0.16%
 33	   96270	  0.16%
 34	   96051	  0.16%
 35	   94726	  0.16%
 36	   93837	  0.15%
 37	   91628	  0.15%
 38	   89397	  0.15%
 39	   87649	  0.14%
 40	   85879	  0.14%
 41	   83744	  0.14%
 42	   82378	  0.13%
 43	   80767	  0.13%
 44	   79693	  0.13%
 45	   79367	  0.13%
 46	   78384	  0.13%
 47	   78494	  0.13%
 48	   77653	  0.13%
 49	   77941	  0.13%
 50	   78598	  0.13%
 51	   78908	  0.13%
 52	   80164	  0.13%
 53	   80231	  0.13%
 54	   82575	  0.14%
 55	   84397	  0.14%
 56	   89008	  0.15%
 57	   96248	  0.16%
 58	  108223	  0.18%
 59	  140742	  0.23%
 60	  164045	  0.27%
 61	  177408	  0.29%
 62	  191541	  0.31%
 63	  205986	  0.34%
 64	  221156	  0.36%
 65	  233672	  0.38%
 66	  249874	  0.41%
 67	  265638	  0.44%
 68	  276641	  0.45%
 69	  307553	  0.50%
 70	  288273	  0.47%
 71	  238655	  0.39%
 72	  229131	  0.38%
 73	  207226	  0.34%
 74	  207264	  0.34%
 75	  200190	  0.33%
 76	  190274	  0.31%
 77	  185106	  0.30%
 78	  185536	  0.30%
 79	  186636	  0.31%
 80	  185432	  0.30%
 81	  180007	  0.29%
 82	  188082	  0.31%
 83	  194859	  0.32%
 84	  203068	  0.33%
 85	  210114	  0.34%
 86	  217936	  0.36%
 87	  222026	  0.36%
 88	  236943	  0.39%
 89	  255456	  0.42%
 90	  291636	  0.48%
 91	  336643	  0.55%
 92	  425009	  0.70%
 93	  562099	  0.92%
 94	  827650	  1.36%
 95	 1342871	  2.20%
 96	 2207379	  3.62%
 97	 4150235	  6.80%
 98	 6538236	 10.71%
 99	 9275260	 15.19%
100	15070259	 24.69%
101	10367993	 16.99%
61041885 reads passed initial QC


criterion=sequence-density
sequence-density=0.28
sequence-density-rank=1
fanout-score=2.81
fanout-score-rank=24
prefix-density=0.33
prefix-fanout=2.4
sequence=GCTGGGATTACAGGC


criterion=fanout-score
sequence-density=0.12
sequence-density-rank=5
fanout-score=14.81
fanout-score-rank=1
prefix-density=0.47
prefix-fanout=3.8
sequence=CCAGCCTGGGCAACA


criterion=sequence-density
sequence-density=0.27
sequence-density-rank=1
fanout-score=2.81
fanout-score-rank=23
prefix-density=0.32
prefix-fanout=2.4
sequence=GCTGGGATTACAGGC


criterion=fanout-score
sequence-density=0.10
sequence-density-rank=12
fanout-score=25.19
fanout-score-rank=1
prefix-density=0.34
prefix-fanout=7.5
sequence=CCAGGCTGGTCTC
SRR12438080 testing PE reads STAR mapping to Ensembl genome
                                 Started job on |	Dec 05 02:47:03
                             Started mapping on |	Dec 05 02:47:04
                                    Finished on |	Dec 05 02:51:31
       Mapping speed, Million of reads per hour |	823.04

                          Number of input reads |	61041885
                      Average input read length |	187
                                    UNIQUE READS:
                   Uniquely mapped reads number |	56428621
                        Uniquely mapped reads % |	92.44%
                          Average mapped length |	187.78
                       Number of splices: Total |	29092039
            Number of splices: Annotated (sjdb) |	28714432
                       Number of splices: GT/AG |	28794499
                       Number of splices: GC/AG |	230402
                       Number of splices: AT/AC |	24847
               Number of splices: Non-canonical |	42291
                      Mismatch rate per base, % |	0.12%
                         Deletion rate per base |	0.01%
                        Deletion average length |	1.58
                        Insertion rate per base |	0.01%
                       Insertion average length |	1.32
                             MULTI-MAPPING READS:
        Number of reads mapped to multiple loci |	3425601
             % of reads mapped to multiple loci |	5.61%
        Number of reads mapped to too many loci |	41907
             % of reads mapped to too many loci |	0.07%
                                  UNMAPPED READS:
       % of reads unmapped: too many mismatches |	0.00%
                 % of reads unmapped: too short |	1.84%
                     % of reads unmapped: other |	0.03%
                                  CHIMERIC READS:
                       Number of chimeric reads |	0
                            % of chimeric reads |	0.00%
N_unmapped	1543660	1543660	1543660
N_multimapping	3425601	3425601	3425601
N_noFeature	4465241	29020933	29144492
N_ambiguous	4493863	963100	960229
UnstrandedReadsAssigned:47469517 PositiveStrandReadsAssigned:26444588 NegativeStrandReadsAssigned:26323900
Dataset is classified unstranded
MeadianReadLen=99 20thPercentileLength=95 echo kmer=91
SRR12438080 Starting Kallisto paired end mapping to ensembl reference transcriptome

[quant] fragment length distribution will be estimated from the data
[index] k-mer length: 31
[index] number of targets: 180,869
[index] number of k-mers: 106,891,614
[index] number of equivalence classes: 723,554
[quant] running in paired-end mode
[quant] will process pair 1: SRR12438080-trimmed-pair1.fastq
                             SRR12438080-trimmed-pair2.fastq
[quant] finding pseudoalignments for the reads ... done
[quant] processed 61,041,885 reads, 52,050,906 reads pseudoaligned
[quant] estimated average fragment length: 167.223
[   em] quantifying the abundances ... done
[   em] the Expectation-Maximization algorithm ran for 1,295 rounds

 180870 SRR12438080.ke.tsv
  58302 SRR12438080.se.tsv
 239172 total
==> SRR12438080.ke.tsv <==
target_id	length	eff_length	est_counts	tpm
ENST00000434970.2	9	4.375	0	0
ENST00000448914.1	13	5.92857	0	0
ENST00000415118.1	8	3.85714	0	0
ENST00000631435.1	12	5.30769	0	0
ENST00000632684.1	12	5.30769	0	0
ENST00000454908.1	17	6.82609	0	0
ENST00000390567.1	20	8.06897	0	0
ENST00000603326.1	19	8.2	0	0
ENST00000414852.1	16	6.7	0	0

==> SRR12438080.se.tsv <==
ENSG00000223972	0
ENSG00000227232	159
ENSG00000278267	31
ENSG00000243485	2
ENSG00000284332	0
ENSG00000237613	0
ENSG00000268020	0
ENSG00000240361	0
ENSG00000186092	0
ENSG00000238009	1
SRR12438080 completed mapping pipeline successfully
